N: 50000 mode: random
Avg Time: 0.00858801 sec.
Comparisons: 665180
Swaps: 299619
Comparisons/n: 13.3036
Swaps/n: 5.99238
-----
N: 50000 mode: asc
Avg Time: 0.00241042 sec.
Comparisons: 591822
Swaps: 50000
Comparisons/n: 11.8364
Swaps/n: 1
-----
N: 50000 mode: desc
Avg Time: 0.00266367 sec.
Comparisons: 541834
Swaps: 75000
Comparisons/n: 10.8367
Swaps/n: 1.5
-----
